31 28
a 3 3 3 3 3 3 3 3 3 3 3 3 b a 3 3 3 3 3 3 3 3 3 3 3 3 b
5 0 0 0 0 0 0 0 0 0 0 0 0 6 5 0 0 0 0 0 0 0 0 0 0 0 0 6
5 0 e 4 4 f 0 e 4 4 4 f 0 6 5 0 e 4 4 4 f 0 e 4 4 f 0 6
5 2 6 9 9 5 0 6 9 9 9 5 0 6 5 0 6 9 9 9 5 0 6 9 9 5 2 6
5 0 g 3 3 h 0 g 3 3 3 h 0 g h 0 g 3 3 3 h 0 g 3 3 h 0 6
5 0 0 0 0 0 0 0 0 0 0 0 0 0 0 0 0 0 0 0 0 0 0 0 0 0 0 6
5 0 e 4 4 f 0 e f 0 e 4 4 4 4 4 4 f 0 e f 0 e 4 4 f 0 6
5 0 g 3 3 h 0 6 5 0 g 3 3 3 3 3 3 h 0 6 5 0 g 3 3 h 0 6
5 0 0 0 0 0 0 6 5 0 0 0 0 6 5 0 0 0 0 6 5 0 0 0 0 0 0 6
c 4 4 4 4 f 0 6 c 4 4 f 9 6 5 9 e 4 4 d 5 0 e 4 4 4 4 d
9 9 9 9 9 5 0 6 a 3 3 h 9 g h 9 g 3 3 b 5 0 6 9 9 9 9 9
9 9 9 9 9 5 0 6 5 9 9 9 9 9 9 9 9 9 9 6 5 0 6 9 9 9 9 9
9 9 9 9 9 5 0 6 5 9 e 4 4 4 4 4 4 f 9 6 5 0 6 9 9 9 9 9
3 3 3 3 3 h 0 g h 9 6 9 9 9 9 9 9 5 9 g h 0 g 3 3 3 3 3
9 9 9 9 9 9 0 9 9 9 6 9 9 9 9 9 9 5 9 9 9 0 9 9 9 9 9 9
4 4 4 4 4 f 0 e f 9 6 9 9 9 9 9 9 5 9 e f 0 e 4 4 4 4 4
9 9 9 9 9 5 0 6 5 9 g 3 3 3 3 3 3 h 9 6 5 0 6 9 9 9 9 9
9 9 9 9 9 5 0 6 5 9 9 9 9 9 9 9 9 9 9 6 5 0 6 9 9 9 9 9
9 9 9 9 9 5 0 6 5 9 e 4 4 4 4 4 4 f 9 6 5 0 6 9 9 9 9 9
a 3 3 3 3 h 0 g h 9 g 3 3 b a 3 3 h 9 g h 0 g 3 3 3 3 b
5 0 0 0 0 0 0 0 0 0 0 0 0 6 5 0 0 0 0 0 0 0 0 0 0 0 0 6
5 0 e 4 4 f 0 e 4 4 4 f 0 6 5 0 e 4 4 4 f 0 e 4 4 f 0 6
5 0 g 3 b 5 0 g 3 3 3 h 0 g h 0 g 3 3 3 h 0 6 a 3 h 0 6
5 2 0 0 6 5 0 0 0 0 0 0 0 0 0 0 0 0 0 0 0 0 6 5 0 0 2 6
c 4 f 0 6 5 0 e f 0 e 4 4 4 4 4 4 f 0 e f 0 6 5 0 e 4 d
a 3 h 0 g h 0 6 5 0 g 3 3 b a 3 3 h 0 6 5 0 g h 0 g 3 b
5 0 0 0 0 0 0 6 5 0 0 0 0 6 5 0 0 0 0 6 5 0 0 0 0 0 0 6
5 0 e 4 4 4 4 d c 4 4 f 0 6 5 0 e 4 4 d c 4 4 4 4 f 0 6
5 0 g 3 3 3 3 3 3 3 3 h 0 g h 0 g 3 3 3 3 3 3 3 3 h 0 6
5 0 0 0 0 0 0 0 0 0 0 0 0 0 0 0 0 0 0 0 0 0 0 0 0 0 0 6
c 4 4 4 4 4 4 4 4 4 4 4 4 4 4 4 4 4 4 4 4 4 4 4 4 4 4 d
